14 · (101110011011101.

verweilen‚ 001 10 10 010000 jeden 0001 0001 00 1101000 Zeit-
110110100 00 000011101 0101010300111010 31011, 00 010111000
10101οι00 00011 wohl hinreiehend‚ den 000011101 010100 (100100
000 000010100100 100010101131011 00 00100000100. 11000 001000
010 00101 0010101300100111000010100 00111010 Zeit hindureh bei
103001010000 (10001010113101100001101010001, kann 0001 101300-
10000000000 3000131 werden: 3000101 00110010 0100001110101011
1100110 003030100 werden, 00 00010 000011 10 dem ersten
1030011010 01000 0010100 zet, 0100001 10 dem 1010100 100
10031010 1110000 010 001 100001100 (100010101131011000011
10100 001000 diesem zweiten 1100110 3000 010000 110001 30-
001011 werden, wie vom ersten 0000 0001100, 001000100001100
1100010 00010 00 vom 0001100 zum dritten Werthe gelangen‚ und
0011101103101011100130οΒ000300311010011000111010000100000,
1090, 101 (10001 dieser 110100103003, 0010101 mir, 110010
man eine recht 001010010110003 10000οΡ11100001000010100-
100 Frage 30010000, welches die 11000010 100 Βο001100013003
101 100 0010010100 Βο003003 00100000 1110000 001. Denn
101 1010, 1000 heim 000003000010000 Κ10000 110 0011031101
011301101110110011- (virtu) 010113 01010001, 001 100 1110000 1001-
0110001 001011, 110010 310101 100 00130300010100100 101000-
kraft 30000100 101, 0010001100 10110100 (1101013001011 30-
10031 0101, 1001110000 0011101 00 0101300001 101001001001
(10011010 3010031,10 00101000 100 0113011011101010003 01011
001000 0000101101101, 010 10 dem Sinne, dass 100 110100001000
00000101 101, 100101003010011001011 100 11100000 0100101001
0111010110000010010101103 00 110010 kam. 101000 000 110
1000101000031100001000100 Αο1010100 1001100001, 001 101000
0011100110 1001101003001011 0011000100 der 1010000 100 Κ10-
pers eintritt, 1031001 1001110100010100, 01000010 10030000 im
Gegensatz zum 0113011011100 00101010, 100 zum 3000000 Τ10110
dem Κ100000001000110111; 10 10000110 0100 010113 0000101001·
0101, de in 1000011100οω Μο0000 11010100001110001031, 00
00101011110010001 110 0101130 Βο001100013003 100 Βο003003.
Simpl. Der Gedanke ist 001001010013, 0100 0100 1010 3010011
010 01101101113 (00110). Denn was 10 0010011001 000010101, 001-
0001011 000 jener 0011011010010003003, 1000100 1011130 Βο-
003003 000003103, 001 101 0010100 0001 010 1010010010011011
100 00000000 101010100 1010001, wo 0100 1010 0010100 11001 000·-

100100101, 100110000010100010 000 01000 110300 10010100100
11010 000 0101100031, 101010110 jene [1010010300310100 Gel-
1003 10000010 100001 ·

Ι .

 

