· 11010110000000 und mathematisehe Demonstrationen 010. 89

der 001 010 11111101 0001 010 Ηο1110 100 ι100001 11000, 110100 110101

1 Aufprall 001 01011100 110010 00011 010001010011100 10 1100000111οῃ

0010. 110000 010 0000101001011011, 010 010 01010101) 110110 01011

’ 000 01001 Ηο110 100 200 01100 0110001 (d. h. 0100 0010110, dass

1101 1011000010101 0101011101101001Βο1100000 400 01100 10 001001-
0000011100 0010111001θο 001000), 100111 1100001000 101 1101101-
0101011101(1000001001011011, 0101111 1011 dem Βο000 0001 anderen
Vorrichtungen 0000100 (10001100οο1 (00000000000 010 00001-
10000) 0111101100, 00 1100000 1111 010111 1101110111001100, 000 1100-
000 01000110, 010 11110110οΒ000111000000 010010100000 110-
1101000, 010 0110010100111001100100000. Η1001011111011000 011011-
0100110100 Ρο011100, 000100010οε 010 000 00100100 Κο1001 1101
0100001000 1101 11101001· (1000111001011011010111 00111 1010010000-
000 1011001010οᾱ 01101001, 011011100 wir 00101100 000 1010000001
1101000110. An 01101 0101011 100000011οθ0 100 4 0001 5 Ellen
110000 11010011οθ0 111111101Β1011100010. 11100100 01110000 wir
0100001 001 01000 Βο000 100 80 111100 0001 mehr, 010 000010
010 4 0001 0; 1000010000011000111011110100100 00111010000 Βο000
von 100, 150, 140 (110001010000010 11101001 1101000; 010 00-
00101101001111100000, 1011101111 10010οΒ0000 100 10, 8, 6 (1100,
1101 1000001001 0110011100 0010011100. 10111101100010 000, 010 0100-
00000000 100 180, 100 (1100 1101000 10 0010011100 0011 001011-
100100, wie die 1001000 100 10, 811100. Offenbar ist 010 (10-
0011111001011011 001 01010100 10, 18 mal 0100001, 010 010 001
01101100 000000,11000 0101010 01011101001101111100101000 01101110,
010 010 0110110, 010 000110000000 00110001 00 Ζο111 0010 01000100
1101 000 0100000 Βο000 100 180, 160 (1100, 010 1101 000 11101000

1 100 10, 8, 4, ja 00001 von 2 0001 (1100; 0001 aber 111001-

0000111 0011101000οι 0000 11000 0001001101 010 0010100000οη
0011100, 0010100 0100100000, 001· andere 010 11101000, 00 1101000

010 0101111101 001001101οη, ja 00011010111101 001110000110100010 ·

eine 0001100000011110101100. 1110001110100011 1100101101 000 00-
0101011 110100 001100, 0000 0111011011 010000 0001110100 000110000000
0101010 010101100 001100 01101000, 000 0000 001 11100101οη0 001·

11011 1101. 0100001 000 1101001000011111001011011 0101011οη 0100000 1

0000111,110(10000001000 0010, wie 00 000 000101 010011100 000
was 1111 00111001111110 0101111100.

8091. 01101 warum 001100 11110101110000111000, 0000 010
Luft 01000 010 0000 hemme, da 00011 110100 1000000101 1101000
000 0110001100 0011010000οη wir 00000, 0000 01011010000100000
10 0101011010 11011101101000 0101100000. 01101· 11101, Wenn das 0100

1,, Μο1001·111100101000 0100001101, 010 000 000010 Μο1, 110100

 

