[1116116111661 111 1611616116616 161016116110161 616. 37

II. (10101161.

111101 10161, 1666, 11611 von 61161Ρ11116 6116 6611160116
111611666161616111616 6101 11161 6161160161, 111661610161
1161611161161 616101 61066 66161, 6116 60161611160161 11 61161
Η61111616 116661, 16666111101166661 116101116011616116116016
661161 161.

11100101161.

1161161 10161, 1666 116 1611161161 111166 6616161611116161
1611 einander 616101 66161, 1611 116 Ηὸ161 6161016111160161
6111166611116161 6101161161161, wie 116161161160161 611 6161
1166611116161 1611 66 111116 6616161, 1666 11 161 1011611-
161 111611 56 116116111611611 fiir ΟΛ, DA einander 616101 66161,
11611 116 Η116101 AB, welches 616101 ΑΙ) war, 1111101 116
11116ΒΕ, 6161 1111Ηό16 DF 1611111, wie CA zu DA.

Saqr. 1111611160161, 11116, 611 116116 161 11011166, 116101
61161(1616116166116111616,161 111 606161 161161 und 161
61116161611611111111 111610161 611 611111166686161 (6016110
’ 61611060), wie wir 6010161 60 01111 161116111016111 161 (16-

, 11616 1611011661116161116666161.

Es ist 1161, 1666, 11611 161 101 61161Ρ11116 61161 Hori-
10116161 1161111011 11616 661616 1111161 1601 6116111101111661
11111611, 6111616161161 611Ρ1111 111 61610161 (166016111161611
6101 1611666, 1666, 11 116116 6116 in 611 111 161661161 11661-
111016 6101 11 16166611661116111 161 661611161Ρ11116 111
61610161 (16601611116161161, 6116 11666 Ρ11116 61616 11161·
11601661161161666110161161111161 werden, 116 6111111101 001-
06111160111161 1116166611111611116661, 6611 60, wie 161
1116116111 616161161 11166661 von 61161Ρ11116 616 6101 616-
116116161611, 1601161616 161Η116 611 111611016111161166-
fallen war, 166661 11066 161 1111161 111 Β61166116 1601 61161
1101111661 6161611, 111116661Ρ1111 116111 161 Mittolpunkt
61161Κ16166,1161016116 1161161 11161161 11 11161 1661661161
11116166111161. Wenn wir 6161 6116 111616 6611116011 111
Ηο111011611161161, 11111 116661116611 61161 Ρ1111 616 1161-
616161161161, von 1610161 616 1601 61161 11611016111161-

, 101661 66161616 1111161 61666161, 11166 11610161 1111661111

161111110116601161116161Β61166116111 161 61161 16161 11616116
11101161161 (16601111116161161611666161161, 11 11610161 (16-
6161111161 11666111166166011161, 1016166666111, 1666 616 61616
6101116111161611 Das 61166116111116161161, 1666, 161 1011661

 

