116 (01011100 Galilei.

11. »Amplitudem der Halbparabeln bei verschiedenem
Austieg bei gleiohem Impulse.

0100-101000011- An· 4 An· 01000011- An· 4400- Ampli· An-
. stieg tude stiegjstieg tude stieg stiog tude stieg

46 10000 46760 8659 = 0000
00 0004 44000 0000 4000
40 0000 40100 0000 0000
00 0000 00 00 0000 0000
00 0000 41 00 0000 1 3746
60 0000 40 00 0000 0000
00 0000 00 00 0400 0000
00 0000 00 00 0000 0000
t6 0000 00 00 0040 0400

o——u——o-——n-—n
[Ψωιὲ-σ·

...-
...-

d

00 0000 00000 0000 0000
00 0000 00100 0000 0000
00 0000 00 00 0000 0000
00 0000 00 00 0000 100 0000
00 0000 00 00 0000 000 000

ι-κδοωιὲιυὶῶῇωφὲ

00 0000 0001040 0000 00 040

ΠΙ. Ηο10000 und subumitiiten von Halbparabeln gleioher
Amplitude, gleieh 10000, bei versohiedenem Anstieg.

00001000 000 004 000 000 0001040·

, 1 87 286533 16 1434 17405 31 3008 8336
142450 17 1528 16355 32 3124 8002

262 95802 18 1624 15388 33 3247 7699
349 71531 19 1722 14522 34 3372 7413
57142 20 1820 13736 35 3500 7141

525 47573 21 1919 13025 36 3638 6882
614 40716 22 2020 12376 37 3768 6635
702 35587 23 2122 11778 38 3906 6395
792 31565 24 2226 11230 39 4048 6174
881 28356 25 2332 10722 40 4196 5959
972 25720 26 2438 10253 41 4346 5752

12 1062 23518 27 2547 9814 42 4502 5553
13 1154 21701 28 2658 9404 43 4662 5362
14 1246 20056 29 2772 9020 44 4828 5177
1339 18660 30 2887 8659 45 50005000

 

